n_fills = 43
keys = ['bar_index', 'price', 'qty', 'reason', 'side', 'ts', 'type']
side counts = Counter({'Buy': 42, 'Sell': 1})
sum(price*qty) over all fills = 80081.9672
n_buy = 42 sum buy notional = 41397.9721

  i side  bar_index ts                            price        qty   notional      fee
  0 Buy         261 1768838400                  10.0070     99.465     995.35         
  1 Buy         262 1768924800                  10.3671     99.204    1028.45         
  2 Buy         263 1769011200                  10.2921     96.363     991.77         
  3 Buy         264 1769097600                  10.6201     96.718    1027.15         
  4 Buy         265 1769356800                  10.8882     94.200    1025.66         
  5 Buy         281 1771948800                  10.9552     91.099     998.00         
  6 Buy         282 1772035200                  10.9412     91.457    1000.64         
  7 Buy         283 1772121600                  10.9222     91.842    1003.11         
  8 Buy         284 1772380800                  11.3703     91.693    1042.57         
  9 Buy         285 1772467200                  11.4203     87.789    1002.58         
 10 Buy         301 1774368000                   9.7019    105.516    1023.71         
 11 Buy         302 1774454400                   9.6299    102.240     984.56         
 12 Buy         303 1774540800                   9.3599    104.297     976.20         
 13 Buy         304 1774800000                   9.4979    103.835     986.22         
 14 Buy         305 1774886400                   9.7530    102.099     995.77         
 15 Buy         321 1776873600                   9.9370     98.909     982.86         
 16 Buy         322 1776960000                   9.8870    100.429     992.94         
 17 Buy         323 1777219200                   9.8610    101.187     997.80         
 18 Buy         324 1777305600                   9.8520    100.461     989.74         
 19 Buy         325 1777392000                   9.6429    102.155     985.07         
 20 Buy         341 1779724800                   9.4829    103.076     977.46         
 21 Buy         342 1779811200                   9.4209    104.209     981.74         
 22 Buy         343 1779897600                   9.2178    105.417     971.71         
 23 Buy         344 1779984000                   9.3869    107.897    1012.82         
 24 Buy         345 1780243200                   9.3999    104.845     985.53         
 25 Buy         361 1782230400                   8.4867    112.057     950.99         
 26 Buy         362 1782316800                   8.3317    112.898     940.63         
 27 Buy         363 1782403200                   8.3667    116.019     970.69         
 28 Buy         364 1782662400                   8.4467    114.596     967.96         
 29 Buy         365 1782748800                   8.2637    113.778     940.22         
 30 Buy         381 1784649600                   8.5567    112.807     965.26         
 31 Buy         382 1784736000                   8.6057    112.148     965.12         
 32 Buy         383 1784822400                   8.4017    112.131     942.09         
 33 Buy         384 1785081600                   8.5047    114.493     973.73         
 34 Buy         385 1785168000                   8.3927    112.902     947.55         
 35 Buy         401 1787068800                   8.9588    107.605     964.01         
 36 Buy         402 1787155200                   9.2529    109.407    1012.33         
 37 Buy         403 1787241600                   9.3029    106.311     989.00         
 38 Buy         404 1787500800                   9.4899    104.575     992.41         
 39 Buy         405 1787587200                   9.6089    102.647     986.33         
 40 Buy         421 1789488000                   8.8298    109.303     965.12         
 41 Buy         422 1789574400                   8.8618    108.906     965.10         
 42 Sell        422 1789574400                   8.8542   4368.985   38684.00         
