sr_1789013905608_000022|516380|D1|legacy_single|100000|-18501.91729530951|81498.08270469049|0.25513676053729367|0.25513676053729367|-1.017641586548193|0.30303030303030304|1.4206063150058954|-0.1877040550282445|33|33|248|3.606060606060606|66|66|||
sr_1789040196234_000000|159740|M5|legacy_single|100000|-12308.729294923163|87691.27070507684|0.1237897737150079|0.1237897737150079|-2.4119198773069193|0.29245283018867924|1.4595175331760213|-0.3866726093881858|106|106|3250|13.877358490566039|212|212|||
sr_1789040385708_000001|159740|M5|legacy_single|100000|-12308.729294923163|87691.27070507684|0.1237897737150079|0.1237897737150079|-2.4119198773069193|0.29245283018867924|1.4595175331760213|-0.3866726093881858|106|106|3250|13.877358490566039|212|212|||
sr_1789040388790_000002|159740|M5|legacy_single|100000|-9874.042593958016|90125.95740604198|0.12121450521388677|0.12121450521388677|-2.0438865429804793|0.2222222222222222|1.4895673429215057|-0.3208616715065472|27|27|3250|52.51851851851852|57|57|||
sr_1789040391904_000003|518880|M5|legacy_single|100000|7077.271548957317|107077.27154895732|0.060344717823328106|0.060344717823328106|1.5130978302627345|0.3010752688172043|2.9979728448972778|0.28981899411965917|93|93|3250|16.870967741935484|186|186|||
sr_1789040394990_000004|518880|M5|legacy_single|100000|485.70448589233274|100485.70448589233|0.07101323710785594|0.07101323710785594|0.1908257942630055|0.3157894736842105|2.2124835195662214|0.0181969984074708|38|38|3250|42.71052631578947|76|76|||
sr_1789040398073_000005|513310|M5|legacy_single|100000|9253.178750899024|109253.17875089902|0.1521243844201201|0.1521243844201201|1.104084527955465|0.2948717948717949|2.8721319541562043|0.39009902685731546|78|78|3250|18.371794871794872|156|156|||
sr_1789040401152_000006|513310|M5|legacy_single|100000|-13531.051766440229|86468.94823355977|0.22304015278745667|0.22304015278745667|-1.264405842529588|0.3333333333333333|1.4366376789967108|-0.4178923716789832|36|36|3250|46.25|75|75|||
sr_1789040618748_000009|159740|M5|legacy_single|100000|-5793.307759183663|94206.69224081634|0.07349583371413168|0.07349583371413168|-2.6519237508285185|0.24|1.2243451584123863|-0.19917747459729584|25|25|3250|14.16|50|50|||
sr_1789040621829_000010|518880|M5|legacy_single|100000|39.77060494289617|100039.7706049429|0.018170405939698042|0.018170405939698042|0.057550968745677854|0.3181818181818182|2.156617489720881|0.0014810020680240399|44|44|3250|12.659090909090908|88|88|||
sr_1789040624896_000011|513310|M5|legacy_single|100000|-9419.074212200168|90580.92578779983|0.11988447393503983|0.11988447393503983|-1.7833503679657488|0.30612244897959184|1.7052156691974678|-0.30801383403892235|98|98|3250|7.908163265306122|196|196|||
sr_1789040669243_000012|159740|M5|legacy_single|100000|-5793.307759183663|94206.69224081634|0.07349583371413168|0.07349583371413168|-2.6519237508285185|0.24|1.2243451584123863|-0.19917747459729584|25|25|3250|14.16|50|50|||
sr_1789040672324_000013|518880|M5|legacy_single|100000|-256.9024518702936|99743.0975481297|0.018381174064721117|0.018381174064721117|-0.2359518482924609|0.34210526315789475|1.840311887041471|-0.009528133899231461|38|38|3250|12.263157894736842|76|76|||
sr_1789040675394_000014|513310|M5|legacy_single|100000|-8832.489495105998|91167.510504894|0.1141850144475487|0.1141850144475487|-1.6621264946267849|0.30927835051546393|1.7064948549408614|-0.29118807600855656|97|97|3250|7.958762886597938|194|194|||
sr_1789040678471_000015|159740|M5|legacy_single|100000|-5793.307759183663|94206.69224081634|0.07349583371413168|0.07349583371413168|-2.6519237508285185|0.24|1.2243451584123863|-0.19917747459729584|25|25|3250|14.16|50|50|||
sr_1789040681554_000016|518880|M5|legacy_single|100000|1190.2619505875773|101190.26195058758|0.013264104836803363|0.013264104836803363|1.2753524732170523|0.41379310344827586|1.8482744274757925|0.045022222558563696|29|29|3250|13.482758620689655|58|58|||
sr_1789040684631_000017|513310|M5|legacy_single|100000|-8209.563678990264|91790.43632100974|0.10813245230400761|0.10813245230400761|-1.5337483999968007|0.3157894736842105|1.6836239948035552|-0.27299437051734865|95|95|3250|8.094736842105263|190|190|||
sr_1789040687712_000018|159740|M5|legacy_single|100000|-3364.1138071176683|96635.88619288233|0.06826117915291931|0.06826117915291931|-2.12988591397942|0.21428571428571427|1.7243285995790487|-0.11958479051526316|14|14|3250|11.142857142857142|28|28|||
sr_1789040690788_000019|518880|M5|legacy_single|100000|1028.4853980488115|101028.48539804881|0.015965513954937102|0.015965513954937102|1.155559147130094|0.3103448275862069|2.800225286707|0.03881759497642445|29|29|3250|11.862068965517242|58|58|||
sr_1789040693862_000020|513310|M5|legacy_single|100000|-9864.793388901307|90135.20661109869|0.12421523523238574|0.12421523523238574|-1.8827299723821476|0.29896907216494845|1.7390581934044078|-0.3206022345563061|97|97|3250|7.907216494845361|194|194|||
sr_1789040756005_000022|159740|M5|legacy_single|100000|-5422.840128865297|94577.1598711347|0.06985235791852039|0.06985235791852039|-2.5027327691429493|0.25|1.207258413820742|-0.18739364365814992|24|24|3250|14|48|48|||
sr_1789040759086_000023|518880|M5|legacy_single|100000|241.1440329713223|100241.14403297132|0.017451270818039023|0.017451270818039023|0.2901587511055316|0.28125|2.7059087230019627|0.009004504750850018|32|32|3250|12.25|64|64|||
sr_1789040762163_000024|513310|M5|legacy_single|100000|-10671.092113001607|89328.9078869984|0.129301913448017|0.129301913448017|-2.0862164132614462|0.29213483146067415|1.7271765299253352|-0.34294782890473186|89|89|3250|8.292134831460674|178|178|||
sr_1789040787901_000025|159740|M5|legacy_single|100000|-5278.89936616848|94721.10063383152|0.06269369794929495|0.06269369794929495|-2.914313723193085|0.058823529411764705|4.356837011214341|-0.18278115249300664|17|17|3250|13.294117647058824|34|34|||
sr_1789040790976_000026|518880|M5|legacy_single|100000|9.315060246473877|100009.31506024647|0.017451270818039023|0.017451270818039023|0.026673661847625544|0.2857142857142857|2.505926382998252|0.0003467361643125777|28|28|3250|12.464285714285714|56|56|||
sr_1789040794050_000027|513310|M5|legacy_single|100000|-4305.316281381631|95694.68371861837|0.08361918994589529|0.08361918994589529|-1.0194840949206299|0.30985915492957744|1.839447904433031|-0.15107880975371513|71|71|3250|8.126760563380282|142|142|||
sr_1789040900437_000029|159740|M5|legacy_single|100000|-4041.126390228368|95958.87360977163|0.04950354209878217|0.04950354209878217|-3.066628323489357|0.08333333333333333|3.6127666589464282|-0.2114841730522662|12|12|2100|11.25|24|24|||
sr_1789040903486_000030|518880|M5|legacy_single|100000|1563.059189701802|101563.0591897018|0.007920631742358767|0.007920631742358767|3.3126229224501165|0.6|1.5478808297914393|0.093447805236337|10|10|2100|15.8|20|20|||
sr_1789040906528_000031|513310|M5|legacy_single|100000|621.9818972516659|100621.98189725167|0.036495649252458615|0.036495649252458615|0.32199561442163055|0.4074074074074074|1.5434814047767436|0.03636065000401678|27|27|2100|8.851851851851851|54|54|||
sr_1789040909573_000032|159740|M5|legacy_single|100000|-3798.264441161882|96201.73555883812|0.04393702785433174|0.04393702785433174|-2.4792982415932308|0.21052631578947367|1.7817362404221948|-0.19991975892760494|19|19|2100|14.526315789473685|38|38|||
sr_1789040912621_000033|518880|M5|legacy_single|100000|-1111.0346512217948|98888.9653487782|0.02021450739251726|0.02021450739251726|-3.5238806095481294|0.08333333333333333|4.704465930463994|-0.06232676843667917|12|12|2100|8.833333333333334|24|24|||
sr_1789040915662_000034|513310|M5|legacy_single|100000|868.7697752177046|100868.7697752177|0.04120954407879344|0.04120954407879344|0.4612921077033079|0.35294117647058826|2.06716376740967|0.05108715971790656|17|17|2100|5.176470588235294|34|34|||
sr_1789040957897_000035|159740|M5|legacy_single|100000|-5635.409703480735|94364.59029651927|0.05777120908911742|0.05777120908911742|-4.823359622548335|0.06666666666666667|2.3381508367428157|-0.28402117561436646|15|15|2100|6.733333333333333|30|30|||
sr_1789040960941_000036|518880|M5|legacy_single|100000|1039.5548296631605|101039.55482966316|0.00861241368430225|0.00861241368430225|2.544179807363045|0.4166666666666667|2.462825386604781|0.06137927412023969|12|12|2100|10.833333333333334|24|24|||
sr_1789040963982_000037|513310|M5|legacy_single|100000|-1911.7347207463463|98088.26527925365|0.046695365010976035|0.046695365010976035|-0.73958961851398|0.38235294117647056|1.373879669678807|-0.10522419758267698|34|34|2100|5.735294117647059|68|68|||
sr_1789040967030_000038|159740|M5|legacy_single|100000|-3883.8061248786544|96116.19387512135|0.05898283801814808|0.05898283801814808|-3.5504498736200767|0.1|3.0587556410877323|-0.20400889800286726|10|10|2100|8.7|20|20|||
sr_1789040970073_000039|518880|M5|legacy_single|100000|2257.767609909206|102257.7676099092|0.005160192926124138|0.005160192926124138|5.55852200751079|0.6666666666666666|5.201507309376489|0.1372363444442375|6|6|2100|20.166666666666668|12|12|||
sr_1789040973117_000040|513310|M5|legacy_single|100000|15.76967898508883|100015.76967898509|0.042300425691592744|0.042300425691592744|0.07719073087155885|0.4074074074074074|1.4567302815986378|0.0009086744911719347|27|27|2100|8.703703703703704|54|54|||
sr_1789041002367_000041|159740|M5|legacy_single|100000|-4997.827381841067|95002.17261815893|0.061866506877127116|0.061866506877127116|-3.4880140982561296|0.13333333333333333|2.0258574799562146|-0.2557048738784272|15|15|2100|12|30|30|||
sr_1789041005410_000042|518880|M5|legacy_single|100000|860.0399877465534|100860.03998774655|0.009696858799595844|0.009696858799595844|1.7821352799795946|0.46153846153846156|1.703565958762415|0.05056329553586725|13|13|2100|13.76923076923077|26|26|||
sr_1789041008454_000043|513310|M5|legacy_single|100000|1243.7622156882135|101243.76221568821|0.036495649252458406|0.036495649252458406|0.5471153857763453|0.3793103448275862|1.8046958473844308|0.07379472189424985|29|29|2100|8.551724137931034|58|58|||
sr_1789041011502_000044|159740|M5|legacy_single|100000|-3724.9521773461165|96275.04782265388|0.04637175805297941|0.04637175805297941|-2.7915619856151723|0.08333333333333333|3.813118553090082|-0.19640142157515017|12|12|2100|12|24|24|||
sr_1789041014546_000045|518880|M5|legacy_single|100000|2438.5608318028535|102438.56083180285|0.007920631742358618|0.007920631742358618|4.6986542124617054|0.5384615384615384|2.3769409283460967|0.14886653180152565|13|13|2100|15.76923076923077|26|26|||
sr_1789041017587_000046|513310|M5|legacy_single|100000|1815.2028238071507|101815.20282380715|0.0405965897272355|0.0405965897272355|0.7737665430984153|0.3793103448275862|1.8864336467679137|0.10917673865949395|29|29|2100|8.655172413793103|58|58|||
sr_1789041175419_000048|159740|M5|legacy_single|100000|-3724.9521773461165|96275.04782265388|0.04637175805297941|0.04637175805297941|-2.7915619856151723|0.08333333333333333|3.813118553090082|-0.19640142157515017|12|12|2100|12|24|24|||
sr_1789041178461_000049|518880|M5|legacy_single|100000|2438.5608318028535|102438.56083180285|0.007920631742358618|0.007920631742358618|4.6986542124617054|0.5384615384615384|2.3769409283460967|0.14886653180152565|13|13|2100|15.76923076923077|26|26|||
sr_1789041181507_000050|513310|M5|legacy_single|100000|1815.2028238071507|101815.20282380715|0.0405965897272355|0.0405965897272355|0.7737665430984153|0.3793103448275862|1.8864336467679137|0.10917673865949395|29|29|2100|8.655172413793103|58|58|||
sr_1789041184555_000051|159740|M5|legacy_single|100000|-2614.8654102352593|97385.13458976474|0.04411648298340009|0.04411648298340009|-2.045624777175964|0.16666666666666666|2.571292357320832|-0.1415445298807353|12|12|2100|12.583333333333334|24|24|||
sr_1789041187600_000052|518880|M5|legacy_single|100000|1121.4847488684463|101121.48474886845|0.0017373175816539725|0.0017373175816539725|4.788919023522092|1||0.06634613920630072|1|1|2100|32|2|2|||
sr_1789041190649_000053|513310|M5|legacy_single|100000|5424.715296556911|105424.71529655691|0.03183861311090591|0.03183861311090591|2.1473779864459437|0.45|2.0316622427437094|0.3556526779642917|20|20|2100|6.6|40|40|||
sr_1789041235835_000054|159740|M5|legacy_single|100000|-4545.4480402824265|95454.55195971757|0.05154894656938586|0.05154894656938586|-3.1295333860710226|0.1111111111111111|3.004594258563067|-0.2350577188784131|18|18|2100|10.88888888888889|36|36|||
sr_1789041238884_000055|518880|M5|legacy_single|100000|2202.5019311069336|102202.50193110693|0.007920631742358585|0.007920631742358585|4.762373779129563|0.35714285714285715|4.6921310487079415|0.13370065746360726|14|14|2100|12.142857142857142|28|28|||
sr_1789041241935_000056|513310|M5|legacy_single|100000|3624.499593330096|103624.4995933301|0.03861214877175414|0.03861214877175414|1.3678760405814743|0.43283582089552236|1.603956650696986|0.227619252915499|67|67|2100|2.970149253731343|134|134|||
sr_1789041281850_000057|518880|M5|legacy_single|100000|2466.7127067618567|102466.71270676186|0.007920631742358616|0.007920631742358616|5.2611003058100945|0.35714285714285715|5.0342485828054615|0.15068631637665741|14|14|2100|12.785714285714286|28|28|||
sr_1789041284910_000058|513310|M5|legacy_single|100000|4663.264444298649|104663.26444429865|0.03282284091772431|0.03282284091772431|1.6980018392080265|0.47058823529411764|1.4791730711164524|0.3002145784432455|51|51|2100|4.588235294117647|102|102|||
sr_1789041287966_000059|518880|M5|legacy_single|100000|2202.5019311069336|102202.50193110693|0.007920631742358585|0.007920631742358585|4.762373779129563|0.35714285714285715|4.6921310487079415|0.13370065746360726|14|14|2100|12.142857142857142|28|28|||
sr_1789041291018_000060|513310|M5|legacy_single|100000|-795.6171654993523|99204.38283450065|0.06398368694529444|0.06398368694529444|-0.26250768803265795|0.43661971830985913|1.2259543108701547|-0.04496837840651846|71|71|2100|2.464788732394366|142|142|||
sr_1789041319991_000061|518880|M5|legacy_single|100000|2250.780278954975|102250.78027895498|0.007920631742358816|0.007920631742358816|4.782802749793858|0.3333333333333333|4.847873937477889|0.13678881914343033|15|15|2100|12.2|30|30|||
sr_1789041323043_000062|513310|M5|legacy_single|100000|4099.102688264815|104099.10268826481|0.033582887418539306|0.033582887418539306|1.5049356443813466|0.4222222222222222|1.7607012957437904|0.26036008079560147|45|45|2100|5.355555555555555|90|90|||
sr_1789041358555_000063|518880|M5|legacy_single|100000|-494.309473144589|99505.69052685541|0.011324261104887818|0.011324261104887818|-2.9250001319980754|0.2222222222222222|1.2773953189409601|-0.05078664758524987|9|9|1150|4.444444444444445|18|18|||
sr_1789041361599_000064|513310|M5|legacy_single|100000|-2010.306770503943|97989.69322949606|0.02391118462881809|0.02391118462881809|-3.7547803824612944|0.3333333333333333|0.5533773695705025|-0.19233153589704421|15|15|1150|4.6|30|30|||
sr_1789041364644_000065|159740|M5|legacy_single|100000|0|100000|0|0|0|0|0|0|0|0|1150|0|0|0|||
sr_1789041367703_000066|518880|M5|legacy_single|100000|1535.7170674776717|101535.71706747767|0.011324261104888265|0.011324261104888265|2.1937781329088555|0.32142857142857145|3.298850459224878|0.05836216278569584|28|28|3250|9.214285714285714|56|56|||
sr_1789041370788_000067|513310|M5|legacy_single|100000|753.19240164246|100753.19240164246|0.06115664121323118|0.06115664121323118|0.2725523476160231|0.42391304347826086|1.4079910089543748|0.028321251434335393|92|92|3250|3.8369565217391304|184|184|||
sr_1789041373880_000068|159740|M5|legacy_single|100000|-5070.090918318994|94929.909081681|0.059744040991929696|0.059744040991929696|-2.613358765384754|0.15789473684210525|1.9901027113015348|-0.17605602164251788|19|19|3250|11.526315789473685|38|38|||
sr_1789041492703_000069|159985|M5|legacy_single|100000|-3022.417638544066|96977.58236145593|0.04115447242956098|0.04115447242956098|-2.507198525355982|0.35|0.6531864427866543|-0.16203285079408425|20|20|2100|7.05|40|40|||
sr_1789041495754_000070|159980|M5|legacy_single|100000|-814.2326295957173|99185.76737040428|0.014720908905397519|0.014720908905397519|-1.7761524696423932|0.23809523809523808|2.1377420197516166|-0.04600016359481207|21|21|2100|10|42|42|||
sr_1789041498803_000071|513050|M5|legacy_single|100000|-3875.667311329773|96124.33268867023|0.060831548159272796|0.060831548159272796|-2.0544551418936767|0.2857142857142857|1.437522153738253|-0.20362058426513585|28|28|2100|8.785714285714286|56|56|||
sr_1789041533282_000072|159985|M5|legacy_single|100000|2293.5508198522|102293.5508198522|0.021339620473709284|0.021339620473709284|1.7120913294597773|0.45|2.3633422015928622|0.13953047382877082|20|20|2100|13.4|40|40|||
sr_1789041536325_000073|159980|M5|legacy_single|100000|-1996.0232779367361|98003.97672206326|0.021460474386247517|0.021460474386247517|-3.9034319483280244|0.21739130434782608|1.3869106362910273|-0.10964397221044875|23|23|2100|13.26086956521739|46|46|||
sr_1789041539370_000074|518880|M5|legacy_single|100000|-1239.1158845939499|98760.88411540605|0.02341512840203098|0.02341512840203098|-3.3225068041529155|0.125|3.2126175077783805|-0.06930062533508774|16|16|2100|8.8125|32|32|||
sr_1789041542417_000075|513310|M5|legacy_single|100000|964.39008584783|100964.39008584783|0.04259407140065934|0.04259407140065934|0.4983201992869411|0.35294117647058826|2.094218216160814|0.05683936713574389|17|17|2100|6.0588235294117645|34|34|||
sr_1789041576515_000076|159985|M5|legacy_single|100000|3856.7355052435596|103856.73550524356|0.011957247143786993|0.011957247143786993|4.814586407575835|0.38461538461538464|6.4082064528141025|0.4888951643420434|13|13|1150|17.46153846153846|26|26|||
sr_1789041579555_000077|513310|M5|legacy_single|100000|169.31070739861752|100169.31070739862|0.005140736074194897|0.005140736074194897|0.7357236438565663|1||0.01795273013209031|2|2|1150|10|4|4|||
sr_1789041582595_000078|518880|M5|legacy_single|100000|-797.7161403528153|99202.28385964718|0.01285400226767572|0.01285400226767572|-3.7633384146910096|0.125|2.9174103335942436|-0.08079151391433226|8|8|1150|7.5|16|16|||
sr_1789041646323_000081|159985|M5|legacy_single|100000|2293.5508198522|102293.5508198522|0.021339620473709284|0.021339620473709284|1.7120913294597773|0.45|2.3633422015928622|0.13953047382877082|20|20|2100|13.4|40|40|||
sr_1789041649377_000082|159985|M5|legacy_single|100000|3856.7355052435596|103856.73550524356|0.011957247143786993|0.011957247143786993|4.814586407575835|0.38461538461538464|6.4082064528141025|0.4888951643420434|13|13|1150|17.46153846153846|26|26|||
sr_1789041652410_000083|513310|M5|legacy_single|100000|964.39008584783|100964.39008584783|0.04259407140065934|0.04259407140065934|0.4983201992869411|0.35294117647058826|2.094218216160814|0.05683936713574389|17|17|2100|6.0588235294117645|34|34|||
sr_1789041655466_000084|513310|M5|legacy_single|100000|169.31070739861752|100169.31070739862|0.005140736074194897|0.005140736074194897|0.7357236438565663|1||0.01795273013209031|2|2|1150|10|4|4|||
sr_1789041658513_000085|159985|M5|legacy_single|100000|5833.701847013537|105833.70184701354|0.021339620473709284|0.021339620473709284|2.6589116079498156|0.4166666666666667|3.344897823950741|0.23494237160117493|36|36|3250|15.055555555555555|72|72|||
sr_1789041661587_000086|513310|M5|legacy_single|100000|-193.62640432160697|99806.3735956784|0.04259407140065934|0.04259407140065934|-0.018271970051165452|0.3333333333333333|1.952213636196226|-0.0071875081449170874|24|24|3250|5.583333333333333|48|48|||
sr_1789041664665_000087|518880|M5|legacy_single|100000|-2571.3035846899147|97428.69641531009|0.027636287167526516|0.027636287167526516|-3.9252197792503702|0.14285714285714285|2.619429584589184|-0.09240028324288119|28|28|3250|8.535714285714286|56|56|||
sr_1789041667740_000088|159740|M5|legacy_single|100000|-4934.601715200843|95065.39828479916|0.05645861001111392|0.05645861001111392|-2.4736254061631775|0.21739130434782608|1.5090351235349606|-0.17167070291757824|23|23|3250|13.173913043478262|46|46|||
sr_1789042181617_000089|159985|M5|legacy_single|100000|3856.7355052435596|103856.73550524356|0.011957247143786993|0.011957247143786993|4.814586407575835|0.38461538461538464|6.4082064528141025|0.4888951643420434|13|13|1150|17.46153846153846|26|26|||
sr_1789042193385_000090|159985|M5|legacy_single|100000|2648.530980832904|102648.5309808329|0.012847116365332551|0.012847116365332551|3.3009395286626386|0.38461538461538464|3.7225017036835766|0.3164702980174443|13|13|1150|17.46153846153846|26|26|||
sr_1789042195422_000091|159985|M5|legacy_single|100000|3856.7355052435596|103856.73550524356|0.011957247143786993|0.011957247143786993|4.814586407575835|0.38461538461538464|6.4082064528141025|0.4888951643420434|13|13|1150|17.46153846153846|26|26|||
sr_1789044111831_000092|510050|D1|legacy_single|100000|-11648.343771238913|88351.65622876109|0.19902324531021554|0.19902324531021554|-0.1650509438290408|0.3333333333333333|1.514145798924221|-0.02548356627267856|42|42|1209|12.952380952380953|84|84|||
sr_1789044294802_000095|510050|D1|legacy_single|100000|-7880.973866808898|92119.0261331911|0.3337126864717501|0.3337126864717501|-0.015964728271481425|0|0|-0.01696474636726819|1|1|1209|1207|2|2|||
sr_1789044294812_000096|510050|D1|legacy_single|100000|-11648.343771238913|88351.65622876109|0.19902324531021554|0.19902324531021554|-0.1650509438290408|0.3333333333333333|1.514145798924221|-0.02548356627267856|42|42|1209|12.952380952380953|84|84|||
sr_1789044294847_000097|510050|D1|legacy_single|100000|-9620.338422960122|90379.66157703988|0.1637624585685822|0.1637624585685822|-0.13282734789144077|0.35714285714285715|1.2788602343223294|-0.02086286318357955|14|14|1209|34.714285714285715|38|38|||
sr_1789044294963_000098|588000|D1|legacy_single|100000|16144.972797715236|116144.97279771524|0.5603392041748205|0.5603392041748205|0.2567767745010075|1||0.031688225259489|1|1|1209|1207|2|2|||
sr_1789044294996_000099|588000|D1|legacy_single|100000|41507.38020748523|141507.38020748523|0.28128045623550685|0.28128045623550685|0.4120717649701735|0.40625|2.1306233106557917|0.07504810949889507|32|32|1209|17.15625|64|64|||
sr_1789044295018_000100|588000|D1|legacy_single|100000|58552.794641661254|158552.79464166125|0.2321313255137521|0.2321313255137521|0.5104252198478358|0.6363636363636364|1.827281294440931|0.10083845548931292|11|11|1209|43.72727272727273|24|24|||
sr_1789044295055_000101|512480|D1|legacy_single|100000|-21855.177383464557|78144.82261653544|0.6912828400679221|0.6912828400679221|0.13350767099385494|0|0|-0.050103099659447925|1|1|1209|1207|2|2|||
sr_1789044295078_000102|512480|D1|legacy_single|100000|-16604.030901403865|83395.96909859614|0.6030041750959899|0.6030041750959899|0.110653743651086|0.38235294117647056|1.454820160631624|-0.03713869345845766|34|34|1209|16.735294117647058|68|68|||
sr_1789044295104_000103|512480|D1|legacy_single|100000|-4623.820483173447|95376.17951682655|0.557071547420965|0.557071547420965|0.19272257766998438|0.23076923076923078|3.0368604144121836|-0.00981914588974786|13|13|1209|46.61538461538461|32|32|||
sr_1789044295145_000104|515070|D1|legacy_single|100000|-10383.511178014756|89616.48882198524|0.6233377207253978|0.6233377207253978|0.18411524004657676|0|0|-0.02259198760410175|1|1|1209|1207|2|2|||
sr_1789044295160_000105|515070|D1|legacy_single|100000|19057.496267047056|119057.49626704706|0.5748301632643416|0.5748301632643416|0.31941668096693704|0.3870967741935484|1.7132874308802006|0.0370280125284006|31|31|1209|19.612903225806452|62|62|||
sr_1789044295176_000106|515070|D1|legacy_single|100000|1824.0912037546805|101824.09120375468|0.5608078770656795|0.5608078770656795|0.22452998503682148|0.5714285714285714|0.7596270465154806|0.003774922434292227|14|14|1209|44.285714285714285|34|34|||
sr_1789044295192_000107|512690|D1|legacy_single|100000|-63318.74525881342|36681.25474118658|0.7283875478036096|0.7283875478036096|-0.5275030560050483|0|0|-0.18863891842107583|1|1|1209|1207|2|2|||
sr_1789044295206_000108|512690|D1|legacy_single|100000|-44660.43807707801|55339.56192292199|0.5140140982918366|0.5140140982918366|-0.472132384090706|0.36363636363636365|0.6498728130280557|-0.11602658002216448|33|33|1209|13.333333333333334|65|66|||
sr_1789044295217_000109|512690|D1|legacy_single|100000|-33727.99154774549|66272.00845225451|0.3991276234702691|0.3991276234702691|-0.31151727396428597|0.2727272727272727|0.7680745024188014|-0.08217763094230202|11|11|1209|37|28|28|||
sr_1789044295229_000110|518880|D1|legacy_single|100000|148183.12888522795|248183.12888522795|0.3051892322226434|0.3051892322226434|1.1542276835124594|1||0.20860680691893818|1|1|1209|1207|2|2|||
sr_1789044295239_000111|518880|D1|legacy_single|100000|110296.77282069993|210296.77282069993|0.16664266156571056|0.16664266156571056|1.1456578599383689|0.55|4.795604884527925|0.16758947485852693|40|40|1209|18.975|80|80|||
sr_1789044295258_000112|518880|D1|legacy_single|100000|110914.60795700442|210914.60795700442|0.17671916216057887|0.17671916216057887|1.102301729217975|0.7272727272727273|6.242289652369108|0.16830364224056926|11|11|1209|79.81818181818181|24|24|||
sr_1789044295270_000113|159985|D1|legacy_single|100000|86355.39713295718|186355.39713295718|0.26602023608768954|0.26602023608768954|0.7497852949550664|1||0.1385423663458012|1|1|1209|1207|2|2|||
sr_1789044295283_000114|159985|D1|legacy_single|100000|105849.77235880919|205849.7723588092|0.20039955859254271|0.20039955859254271|0.9902286022912641|0.46875|3.472062589638891|0.16239950540463433|32|32|1209|20.65625|64|64|||
sr_1789044295303_000115|159985|D1|legacy_single|100000|111991.3715522505|211991.3715522505|0.14512828134891523|0.14512828134891523|1.0163995344644312|0.5833333333333334|3.2894099610859193|0.16954434556154463|12|12|1209|59.583333333333336|30|30|||
sr_1789044295315_000116|513050|D1|legacy_single|100000|-30601.50954129595|69398.49045870405|0.4812460267005721|0.4812460267005721|-0.08483571409632001|0|0|-0.07331631151334217|1|1|1209|1207|2|2|||
sr_1789044295324_000117|513050|D1|legacy_single|100000|-220.89645087816461|99779.10354912184|0.2555309293269177|0.2555309293269177|0.10013924325469523|0.35135135135135137|1.8413373863184226|-0.0004608323971660999|37|37|1209|14.108108108108109|74|74|||
sr_1789044295334_000118|513050|D1|legacy_single|100000|-7654.752009895936|92345.24799010406|0.2669431412335782|0.2669431412335782|0.018024281806426398|0.46153846153846156|0.9939168205378675|-0.016462048709900756|13|13|1209|38.15384615384615|28|28|||
sr_1789046242296_000127|510050|D1|legacy_single|100000|-4896.254615762387|95103.74538423761|0.16376245856858201|0.16376245856858201|-0.03951602450518399|0.35714285714285715|1.521184557732432|-0.010409349551139702|14|14|1209|33.142857142857146|28|28|||
sr_1789046242335_000128|510050|D1|legacy_single|100000|7883.700572634072|107883.70057263407|0.14986724277792776|0.14986724277792776|0.20544889996862598|0.37037037037037035|2.308650506421481|0.015942681814154147|27|27|1209|14.88888888888889|54|54|||
sr_1789046242372_000129|588000|D1|legacy_single|100000|69951.94001332353|169951.94001332353|0.1903508771929823|0.1903508771929823|0.5832570863722134|0.6153846153846154|2.4326856816907063|0.11688491016422287|13|13|1209|30.76923076923077|26|26|||
sr_1789046242422_000130|588000|D1|legacy_single|100000|37356.2589762687|137356.2589762687|0.28306360732234426|0.28306360732234426|0.384409032939422|0.29411764705882354|3.5450084330544906|0.06839705004391794|34|34|1209|12.852941176470589|68|68|||
sr_1789046242433_000131|512480|D1|legacy_single|100000|20861.083913589522|120861.08391358952|0.5570715474209651|0.5570715474209651|0.32996344614231066|0.3076923076923077|3.384542214574679|0.04028305733056281|13|13|1209|42.61538461538461|26|26|||
sr_1789046242465_000132|512480|D1|legacy_single|100000|26617.15699169728|126617.15699169728|0.553823847915921|0.553823847915921|0.356733013734582|0.45161290322580644|1.722439698327963|0.05042055851713778|31|31|1209|14.64516129032258|62|62|||
sr_1789046242478_000133|515070|D1|legacy_single|100000|6008.024350587031|106008.02435058703|0.5605578564108613|0.5605578564108613|0.2467356640571633|0.6|0.6932799356625087|0.012235406276480676|15|15|1209|35.13333333333333|30|30|||
sr_1789046242500_000134|515070|D1|legacy_single|100000|-23413.8081532606|76586.1918467394|0.5497037814895129|0.5497037814895129|0.0478831773995529|0.2972972972972973|1.9994290679622382|-0.05408371034665982|37|37|1209|14.54054054054054|74|74|||
sr_1789046242513_000135|512690|D1|legacy_single|100000|-23499.430423269136|76500.56957673086|0.3253262572383278|0.3253262572383278|-0.1702283924625527|0.45454545454545453|0.5420806217377345|-0.054304234142065644|11|11|1209|33.54545454545455|22|22|||
sr_1789046242534_000136|512690|D1|legacy_single|100000|-30453.019665159925|69546.98033484007|0.3945737767028982|0.3945737767028982|-0.5382873669084431|0.3181818181818182|0.4368332380154821|-0.0729033732617611|22|22|1209|10.318181818181818|44|44|||
sr_1789046242545_000137|518880|D1|legacy_single|100000|97326.86021302806|197326.86021302806|0.17671916216057892|0.17671916216057892|1.0337358690797662|0.625|4.420081594352409|0.15219940292232303|16|16|1209|45.875|32|32|||
sr_1789046242566_000138|518880|D1|legacy_single|100000|138676.90080378743|238676.90080378743|0.21970159774175174|0.21970159774175174|1.2220677936955402|0.5757575757575758|3.9261786653697333|0.19880780050005553|33|33|1209|27.96969696969697|66|66|||
sr_1789046242577_000139|159985|D1|legacy_single|100000|102158.4907158998|202158.4907158998|0.14229133676661582|0.14229133676661582|1.0112663880813932|0.5333333333333333|3.6174543013382574|0.15802366984593386|15|15|1209|39.333333333333336|30|30|||
sr_1789046242588_000140|159985|D1|legacy_single|100000|58461.71690819066|158461.71690819066|0.23559407153895032|0.23559407153895032|0.683825798866818|0.36363636363636365|3.359936352600999|0.10070661922008939|44|44|1209|14.295454545454545|88|88|||
sr_1789046242599_000141|513050|D1|legacy_single|100000|14036.412093434934|114036.41209343493|0.2601062291785868|0.2601062291785868|0.23977790946414795|0.42857142857142855|1.651505770331824|0.02775587875472585|14|14|1209|27.5|28|28|||
sr_1789046242610_000142|513050|D1|legacy_single|100000|-11084.345368465132|88915.65463153487|0.31014482744873834|0.31014482744873834|-0.04721031344935896|0.29411764705882354|1.997382068490141|-0.024190168440408|34|34|1209|11.676470588235293|68|68|||
sr_1789046868039_000143|510050|D1|legacy_single|100000|-4896.254615762387|95103.74538423761|0.16376245856858201|0.16376245856858201|-0.03951602450518399|0.35714285714285715|1.521184557732432|-0.010409349551139702|14|14|1209|33.142857142857146|28|28|||
sr_1789052338198_000148|510050|D1|legacy_single|100000|-11220.655555385078|88779.34444461492|0.16799483571465423|0.16799483571465423|-0.31565259492976727|0.25|0.4106012098028418|-0.02450216742426503|4|4|1209|22.75|8|8|||
sr_1789052338237_000149|588000|D1|legacy_single|100000|-15158.903487563643|84841.09651243636|0.17259780526079524|0.17259780526079524|-0.5819036356707239|0|0|-0.033684545519102604|3|3|1209|16|6|6|||
sr_1789052338258_000150|512480|D1|legacy_single|100000|-29775.78076181811|70224.21923818189|0.5570715474209651|0.5570715474209651|-0.05616810598981582|0.25|0.7874698088546835|-0.07102882972256719|4|4|1209|43|8|8|||
sr_1789052338304_000151|515070|D1|legacy_single|100000|13826.890744948629|113826.89074494863|0.23204318762089562|0.23204318762089562|0.2592345534786604|0.5|2.120060900591706|0.02736199779590498|4|4|1209|43.75|8|8|||
sr_1789052338315_000152|512690|D1|legacy_single|100000|-15825.209811368142|84174.79018863186|0.20022175326411798|0.20022175326411798|-0.3657003596623122|0|0|-0.0352713192384837|2|2|1209|34|4|4|||
sr_1789052338329_000153|518880|D1|legacy_single|100000|71512.61946385141|171512.6194638514|0.16855467918346762|0.16855467918346762|0.9134840401296337|0.8571428571428571|4.025327262607406|0.11901499827267759|7|7|1209|55.714285714285715|14|14|||
sr_1789052338351_000154|159985|D1|legacy_single|100000|45473.90373255024|145473.90373255024|0.11850188474186196|0.11850188474186196|0.7996915794719074|0.6|3.6181515645579787|0.08126063378758075|5|5|1209|46.8|10|10|||
sr_1789052338372_000155|513050|D1|legacy_single|100000|33240.96540804679|133240.9654080468|0.11784693112902632|0.11784693112902632|0.5953191460462891|1||0.06164443771684991|3|3|1209|40.333333333333336|6|6|||
sr_1789052338396_000156|510050|D1|legacy_single|100000|2994.9937739000306|102994.99377390003|0.10659784739821083|0.10659784739821083|0.13291000678229234|0.3333333333333333|2.9545078146841814|0.006169965089427354|3|3|1209|93.66666666666667|8|8|||
sr_1789052338408_000157|588000|D1|legacy_single|100000|-31505.64145371724|68494.35854628276|0.3935585243389349|0.3935585243389349|-0.40092941884665084|0|0|-0.07584583444172754|3|3|1209|80.66666666666667|6|6|||
sr_1789052338429_000158|512480|D1|legacy_single|100000|-37443.540697612385|62556.459302387615|0.5498489513706603|0.5498489513706603|-0.1504010740217204|0.3333333333333333|0.10146106713519201|-0.0931496263935001|3|3|1209|74.66666666666667|6|6|||
sr_1789052338448_000159|515070|D1|legacy_single|100000|-42864.21858767286|57135.78141232714|0.5595479221573721|0.5595479221573721|-0.20803984856878402|0.5|0.22071441527232272|-0.11012145618072666|4|4|1209|85|9|9|||
sr_1789052338458_000160|512690|D1|legacy_single|100000|-17764.006903340865|82235.99309665913|0.18602519893990568|0.18602519893990568|-0.8263508507492998|0|0|-0.03994571735415631|1|1|1209|60|2|2|||
sr_1789052338469_000161|518880|D1|legacy_single|100000|111289.1092599646|211289.1092599646|0.24890793010752685|0.24890793010752685|1.0456778206195818|0.5|18.23795631795097|0.16873572969637718|2|2|1209|455.5|4|4|||
sr_1789052338479_000162|159985|D1|legacy_single|100000|7168.216726892759|107168.21672689276|0.2883619434012264|0.2883619434012264|0.17784646797587686|0.6666666666666666|0.7168546146382075|0.014534591797095597|3|3|1209|145.66666666666666|6|6|||
sr_1789052338490_000163|513050|D1|legacy_single|100000|-8723.428056959441|91276.57194304056|0.39500029602954606|0.39500029602954606|-0.03952683107184214|0.5|0.5985493423009418|-0.0188454397817307|2|2|1209|145|6|6|||
sr_1789052338501_000164|510050|D1|legacy_single|100000|7997.672397009039|107997.67239700904|0.17667215984692755|0.17667215984692755|0.2042998637307405|0.65|0.8346834859305015|0.016166298188819317|20|20|1209|19.8|41|41|||
sr_1789052338512_000165|588000|D1|legacy_single|100000|73204.72172814253|173204.72172814253|0.3020477815699658|0.3020477815699658|0.5539308694094625|0.7|2.8773325205327254|0.12130719312322613|10|10|1209|54.6|20|20|||
sr_1789052338524_000166|512480|D1|legacy_single|100000|25671.553921314786|125671.55392131479|0.557071510876407|0.557071510876407|0.35324415197640646|0.5|2.089686488560183|0.048780568169170424|16|16|1209|33.375|34|34|||
sr_1789052338538_000167|515070|D1|legacy_single|100000|-28656.40621325352|71343.59378674648|0.549703781489513|0.549703781489513|0.0004058836148603875|0.2222222222222222|0.9828757721273519|-0.06796162755261992|18|18|1209|29.77777777777778|36|36|||
sr_1789052338548_000168|512690|D1|legacy_single|100000|-33587.40164595732|66412.59835404268|0.3941197053655978|0.3941197053655978|-0.4542597922310829|0.4444444444444444|0.3770641768402881|-0.0817721293707212|18|18|1209|7.666666666666667|36|36|||
sr_1789052338559_000169|518880|D1|legacy_single|100000|138234.54417914638|238234.54417914638|0.2854502688172043|0.2854502688172043|1.1479454829540594|0.6|27.13701385434901|0.19834434851176175|5|5|1209|204.4|12|12|||
sr_1789052338569_000170|159985|D1|legacy_single|100000|49390.5727652639|149390.5727652639|0.21536897266696087|0.21536897266696087|0.6105655708230774|0.5|3.344132998684023|0.08726486803620914|20|20|1209|32.35|41|41|||
sr_1789052338596_000171|513050|D1|legacy_single|100000|-2019.6610853510938|97980.3389146489|0.27774511980850186|0.27774511980850186|0.06370129442481648|0.5|0.9262951049663054|-0.004243777223387202|22|22|1209|16.818181818181817|47|47|||
sr_1789052825355_000172|510050|D1|legacy_single|100000|-4896.254615762387|95103.74538423761|0.16376245856858201|0.16376245856858201|-0.03951602450518399|0.35714285714285715|1.521184557732432|-0.010409349551139702|14|14|1209|33.142857142857146|28|28|||
sr_1789055513552_000000|510050|D1|legacy_single|100000|-15365.249272388217|84634.75072761178|0.16376245856858193|0.16376245856858193|-1.689060128333028|0|0|-0.1588657086150015|4|4|243|20.5|8|8|||
sr_1789183624984_000000|518880|D1|legacy_single|100000|440.45912928759935|100440.4591292876|0.027664639366754708|0.027664639366754708|0.4337122841876382|1||0.038928958302300254|1|1|29|4|2|2|||
sr_1789183724147_000001|518880|D1|legacy_single|100000|440.45912928759935|100440.4591292876|0.027664639366754708|0.027664639366754708|0.4337122841876382|1||0.038928958302300254|1|1|29|4|2|2|||
sr_1789185280539_000002|518880|M15|legacy_single|100000|1578.5965460785956|101578.5965460786|0.08358375069560371|0.08358375069560371|0.370380118406357|1||0.055459214361921916|1|1|1170|1113|4|4|||
sr_1789185300115_000003|518880|M15|legacy_single|100000|1405.0326007867116|101405.03260078671|0.0816077956941792|0.0816077956941792|0.34103629949704833|1||0.04925730206828205|1|1|1170|1113|4|4|||
sr_1789185302164_000004|518880|M15|legacy_single|100000|1571.0014360892674|101571.00143608927|0.08358375069560367|0.08358375069560367|0.36908366566277356|1||0.055187277388287326|1|1|1170|1113|2|2|||
sr_1789185304210_000005|518880|M15|legacy_single|100000|1629.423964915768|101629.42396491577|0.08358375069560371|0.08358375069560371|0.3790244260871609|1||0.0572803308847869|1|1|1170|1113|4|4|||
sr_1789185320440_000006|518880|M15|legacy_single|100000|1578.5965460785956|101578.5965460786|0.08358375069560371|0.08358375069560371|0.370380118406357|1||0.055459214361921916|1|1|1170|1113|4|4|||
sr_1789185323520_000007|518880|M15|legacy_single|100000|1629.423964915768|101629.42396491577|0.08358375069560371|0.08358375069560371|0.3790244260871609|1||0.0572803308847869|1|1|1170|1113|4|4|||
sr_1789185354184_000008|518880|M15|legacy_single|100000|-3126.328365413079|96873.67163458692|0.06635405036875767|0.06635405036875767|-0.6612365419664613|0.27586206896551724|2.1681557998503256|-0.10368032843900465|29|29|1170|18.551724137931036|58|58|||
sr_1789209971210_000000|518880|H1|legacy_single|100000|6733.031900235714|106733.03190023571|0.021193263691958418|0.021193263691958418|2.9199593578867002|0.35714285714285715|5.737051683919076|0.2077278249302721|14|14|348|14.428571428571429|28|28|||
sr_1789209972736_000001|518880|H1|legacy_single|100000|2245.0116533417313|102245.01165334173|0.007104418850881047|0.007104418850881047|2.934011521074989|0.35714285714285715|5.729007033342409|0.06642157966495099|14|14|348|14.428571428571429|28|28|||
sr_1789210247442_000000|518880|H1|legacy_single|100000|6733.031900235714|106733.03190023571|0.021193263691958418|0.021193263691958418|2.9199593578867002|0.35714285714285715|5.737051683919076|0.2077278249302721|14|14|348|14.428571428571429|28|28|||
sr_1789210248983_000001|518880|H1|legacy_single|100000|2245.0116533417313|102245.01165334173|0.007104418850881047|0.007104418850881047|2.934011521074989|0.35714285714285715|5.729007033342409|0.06642157966495099|14|14|348|14.428571428571429|28|28|||
sr_1789211239591_000017|518880|D1|legacy_single|100000|140554.70363268149|240554.70363268149|0.30519153225806434|0.30519153225806434|1.2813912111643146|1||0.2478490509749698|1|1|999|997|4|4|||
sr_1789211284656_000018|518880|D1|legacy_single|100000|141282.73240831133|241282.73240831133|0.3051915322580644|0.3051915322580644|1.2830224981869813|1||0.24880062148619797|1|1|999|997|4|4|||
sr_1789211329739_000019|518880|D1|legacy_single|100000|139441.39781975557|239441.39781975557|0.30519153225806445|0.30519153225806445|1.2724868371934361|1||0.24638973083555693|1|1|999|997|2|2|||
sr_1789211374823_000020|518880|D1|legacy_single|100000|139546.82745679346|239546.82745679346|0.30519153225806445|0.30519153225806445|1.273722918038406|1||0.24652814511773502|1|1|999|997|4|4|||
sr_1789211419907_000021|518880|D1|legacy_single|100000|141282.73240831133|241282.73240831133|0.3051915322580644|0.3051915322580644|1.2830224981869813|1||0.24880062148619797|1|1|999|997|4|4|||
sr_1789211465014_000022|518880|D1|legacy_single|100000|139546.82745679346|239546.82745679346|0.30519153225806445|0.30519153225806445|1.273722918038406|1||0.24652814511773502|1|1|999|997|4|4|||
sr_1789211510077_000023|518880|D1|legacy_single|100000|139441.39781975557|239441.39781975557|0.30519153225806445|0.30519153225806445|1.2724868371934361|1||0.24638973083555693|1|1|999|997|2|2|||
sr_1789211555164_000024|518880|D1|legacy_single|100000|140925.32556028853|240925.32556028853|0.3051915322580644|0.3051915322580644|1.2812345255879012|1||0.2483337412993183|1|1|999|997|6|6|||
sr_1789211605009_000025|518880|D1|legacy_single|100000|140554.70363268149|240554.70363268149|0.30519153225806434|0.30519153225806434|1.2813912111643146|1||0.2478490509749698|1|1|999|997|4|4|||
sr_1789211650095_000026|518880|D1|legacy_single|100000|139546.82745679346|239546.82745679346|0.30519153225806445|0.30519153225806445|1.273722918038406|1||0.24652814511773502|1|1|999|997|4|4|||
sr_1789211695181_000027|518880|D1|legacy_single|100000|141282.73240831133|241282.73240831133|0.3051915322580644|0.3051915322580644|1.2830224981869813|1||0.24880062148619797|1|1|999|997|4|4|||
sr_1789211783919_000030|518880|D1|legacy_single|100000|5123.15911513583|105123.15911513583|0.02035687358632816|0.02035687358632816|1.4669473778208288|1||0.12869577956099776|1|1|104|102|4|4|||
sr_1789211874087_000033|518880|D1|legacy_single|100000|5884.946755425422|105884.94675542542|0.020356873586328338|0.020356873586328338|1.641759784550869|1||0.14861697850283062|1|1|104|102|4|4|||
sr_1789211964253_000036|518880|D1|legacy_single|100000|5076.892184250304|105076.8921842503|0.020356873586328223|0.020356873586328223|1.4183543692719245|1||0.12749246167340678|1|1|104|102|2|2|||
sr_1789212066161_000039|518880|D1|legacy_single|100000|94702.45973531934|194702.45973531934|0.30504025066431256|0.30504025066431256|1.2775878124621105|1||0.29321779775758117|1|1|653|651|2|2|||
sr_1789212111246_000040|518880|D1|legacy_single|100000|94702.45973531934|194702.45973531934|0.30504025066431256|0.30504025066431256|1.2775878124621105|1||0.29321779775758117|1|1|653|651|2|2|||
sr_1789212156335_000041|518880|D1|legacy_single|100000|94801.16255188466|194801.16255188466|0.30502350101932363|0.30502350101932363|1.2788667888384677|1||0.2934707564185881|1|1|653|651|4|4|||
sr_1789212274674_000044|518880|D1|legacy_single|100000|139441.39781975557|239441.39781975557|0.30519153225806445|0.30519153225806445|1.2724868371934361|1||0.24638973083555693|1|1|999|997|2|2|||
sr_1789212319758_000045|518880|D1|legacy_single|100000|139441.39781975557|239441.39781975557|0.30519153225806445|0.30519153225806445|1.2724868371934361|1||0.24638973083555693|1|1|999|997|2|2|||
sr_1789212364841_000046|518880|D1|legacy_single|100000|139546.82745679346|239546.82745679346|0.30519153225806445|0.30519153225806445|1.273722918038406|1||0.24652814511773502|1|1|999|997|4|4|||
sr_1789212409923_000047|518880|D1|legacy_single|100000|141282.73240831133|241282.73240831133|0.3051915322580644|0.3051915322580644|1.2830224981869813|1||0.24880062148619797|1|1|999|997|4|4|||
sr_1789212455007_000048|518880|D1|legacy_single|100000|140088.69470388663|240088.69470388663|0.30519153225806445|0.30519153225806445|1.2767651543181469|1||0.24723882276331866|1|1|999|997|11|11|||
sr_1789212500090_000049|518880|D1|legacy_single|100000|140552.76749199603|240552.76749199603|0.30519153225806445|0.30519153225806445|1.2813780143872973|1||0.24784651747169217|1|1|999|997|4|4|||
sr_1789212545195_000050|518880|D1|legacy_single|100000|42376.76260740048|142376.76260740048|0.17645378045201146|0.17645378045201146|1.018777014795814|1||0.09321444616882668|1|1|999|997|2|2|||
sr_1789212590258_000051|518880|D1|legacy_single|100000|70627.93767900081|170627.9376790008|0.2329100815564457|0.2329100815564457|1.1132472222097838|1||0.14428754494194096|1|1|999|997|2|2|||
sr_1789212695054_000052|518880|D1|legacy_single|100000|139441.39781975557|239441.39781975557|0.30519153225806445|0.30519153225806445|1.2724868371934361|1||0.24638973083555693|1|1|999|997|2|2|||
sr_1789212710079_000053|518880|D1|legacy_single|100000|140554.70363268149|240554.70363268149|0.30519153225806434|0.30519153225806434|1.2813912111643146|1||0.2478490509749698|1|1|999|997|4|4|||
sr_1789212725106_000054|518880|D1|legacy_single|100000|-5605.802578751682|94394.19742124832|0.1820669415204616|0.1820669415204616|-0.15860499245275872|0|0|-0.014447202429518247|1|1|999|118|5|5|||
sr_1789212740133_000055|518880|D1|legacy_single|100000|17847.07332104337|117847.07332104337|0.3051915322580645|0.3051915322580645|0.3565613269878298|1||0.0422942173410672|1|1|999|324|4|4|||
sr_1789212755162_000056|518880|D1|legacy_single|100000|140554.70363268149|240554.70363268149|0.30519153225806434|0.30519153225806434|1.2813912111643146|1||0.2478490509749698|1|1|999|997|4|4|||
sr_1789212770188_000057|588000|D1|legacy_single|100000|46099.05501222104|146099.05501222104|0.45068002847458016|0.45068002847458016|0.4450681875204747|1||0.1003546401952351|1|1|999|997|3|3|||
sr_1789212785214_000058|588000|D1|legacy_single|100000|53151.13219906535|153151.13219906535|0.44343517753922385|0.44343517753922385|0.48039503821082813|1||0.11351735532549889|1|1|999|997|5|5|||
sr_1789212800260_000059|588000|D1|legacy_single|100000|66742.87946301061|166742.8794630106|0.4434351775392238|0.4434351775392238|0.5460040413279894|1||0.13765853872567568|1|1|999|903|5|5|||
sr_1789212815270_000060|588000|D1|legacy_single|100000|55839.13594656761|155839.1359465676|0.4434351775392238|0.4434351775392238|0.49610862340471457|1||0.11841527277305741|1|1|999|877|4|4|||
sr_1789212830295_000061|588000|D1|legacy_single|100000|52921.08634715516|152921.08634715516|0.44343517753922373|0.44343517753922373|0.4791720609154722|1||0.11309520193825295|1|1|999|997|5|5|||
sr_1789212845326_000062|518880|D1|legacy_single|100000|139441.39781975557|239441.39781975557|0.30519153225806445|0.30519153225806445|1.2724868371934361|1||0.24638973083555693|1|1|999|997|2|2|||
sr_1789212860349_000063|518880|D1|legacy_single|100000|139546.6989054175|239546.6989054175|0.30519153225806445|0.30519153225806445|1.2737223594688225|1||0.24652797637560186|1|1|999|997|4|4|||
sr_1789212875377_000064|518880|D1|legacy_single|100000|65642.95323890049|165642.9532389005|0.3051915322580644|0.3051915322580644|0.8594958571803457|1||0.13576079686128883|1|1|999|710|4|4|||
sr_1789212890406_000065|518880|D1|legacy_single|100000|6784.6993896785425|106784.69938967854|0.28216342287670904|0.28216342287670904|0.1931501729685059|1||0.016696823967348617|1|1|999|324|4|4|||
sr_1789212905432_000066|518880|D1|legacy_single|100000|139546.6989054175|239546.6989054175|0.30519153225806445|0.30519153225806445|1.2737223594688225|1||0.24652797637560186|1|1|999|997|4|4|||
sr_1789212920462_000067|588000|D1|legacy_single|100000|45890.019906593836|145890.01990659384|0.45158665581773805|0.45158665581773805|0.4440160715511005|1||0.09995729130731812|1|1|999|997|3|3|||
sr_1789212935488_000068|588000|D1|legacy_single|100000|40715.9679314236|140715.9679314236|0.44635853817474597|0.44635853817474597|0.4179426418195836|1||0.08998357178558503|1|1|999|997|4|4|||
sr_1789212950516_000069|588000|D1|legacy_single|100000|53101.36398122128|153101.36398122128|0.4434351775392238|0.4434351775392238|0.4800080487421632|1||0.11342606669504196|1|1|999|978|5|5|||
sr_1789212965541_000070|588000|D1|legacy_single|100000|53621.3148201936|153621.3148201936|0.4434351775392238|0.4434351775392238|0.48425311879853256|1||0.11437870703311548|1|1|999|937|5|5|||
sr_1789212980575_000071|588000|D1|legacy_single|100000|40715.9679314236|140715.9679314236|0.44635853817474597|0.44635853817474597|0.4179426418195836|1||0.08998357178558503|1|1|999|997|4|4|||
sr_1789212995601_000072|518880|M15|legacy_single|100000|9625.863461811256|109625.86346181126|0.08063677036728756|0.08063677036728756|2.107691699634579|1||0.4857065558783744|1|1|936|934|2|2|||
sr_1789213010650_000073|518880|M15|legacy_single|100000|8790.870763170999|108790.870763171|0.08063677036728747|0.08063677036728747|1.9610149792541762|1||0.4375700881580926|1|1|936|934|4|4|||
sr_1789213025658_000074|518880|M15|legacy_single|100000|1539.2345696558186|101539.23456965582|0.02540165002171093|0.02540165002171093|1.091880105657763|1||0.06801348556697495|1|1|936|156|5|5|||
sr_1789213040688_000075|518880|M15|legacy_single|100000|0|100000|0|0|0|0|0|0|0|0|936|0|0|0|||
sr_1789213055736_000076|518880|M15|legacy_single|100000|8790.870763170999|108790.870763171|0.08063677036728747|0.08063677036728747|1.9610149792541762|1||0.4375700881580926|1|1|936|934|4|4|||
sr_1789213070749_000077|588000|M15|legacy_single|100000|-29915.113248736947|70084.88675126305|0.3108677337826453|0.3108677337826453|-2.7916899710187186|0|0|-0.7837294863981825|1|1|936|934|2|2|||
sr_1789213085772_000078|588000|M15|legacy_single|100000|-26563.36089597737|73436.63910402263|0.31086773378264543|0.31086773378264543|-2.4500771766274787|0|0|-0.7355195538702607|1|1|936|934|5|5|||
sr_1789213100809_000079|588000|M15|legacy_single|100000|-19756.81155618385|80243.18844381615|0.2301176470588235|0.2301176470588235|-1.902283879671569|0|0|-0.6125462762875555|1|1|936|775|4|4|||
sr_1789213115832_000080|588000|M15|legacy_single|100000|-12667.80582077794|87332.19417922206|0.1439037153322868|0.1439037153322868|-1.525793179868662|0|0|-0.4420474154965962|1|1|936|614|4|4|||
sr_1789213130883_000081|588000|M15|legacy_single|100000|-27317.505993799612|72682.49400620039|0.3108677337826454|0.3108677337826454|-2.531706948019532|0|0|-0.7470222611442915|1|1|936|934|5|5|||
sr_1789213145914_000082|518880|M15|legacy_single|100000|9625.863461811256|109625.86346181126|0.08063677036728756|0.08063677036728756|2.107691699634579|1||0.4857065558783744|1|1|936|934|2|2|||
sr_1789213160941_000083|518880|M15|legacy_single|100000|9599.385822743003|109599.385822743|0.08063677036728756|0.08063677036728756|2.1030537756149394|1||0.48416140652598894|1|1|936|934|4|4|||
sr_1789213175949_000084|518880|M15|legacy_single|100000|2213.449677120807|102213.4496771208|0.02540165002171085|0.02540165002171085|1.6440777014228654|1||0.0988988933110635|1|1|936|124|4|4|||
sr_1789213190977_000085|518880|M15|legacy_single|100000|0|100000|0|0|0|0|0|0|0|0|936|0|0|0|||
sr_1789213206003_000086|518880|M15|legacy_single|100000|9599.385822743003|109599.385822743|0.08063677036728756|0.08063677036728756|2.1030537756149394|1||0.48416140652598894|1|1|936|934|4|4|||
sr_1789213221028_000087|588000|M15|legacy_single|100000|-29915.113248736947|70084.88675126305|0.3108677337826453|0.3108677337826453|-2.7916899710187186|0|0|-0.7837294863981825|1|1|936|934|2|2|||
sr_1789213236057_000088|588000|M15|legacy_single|100000|-29144.618522970835|70855.38147702916|0.3108677337826453|0.3108677337826453|-2.7102459007259583|0|0|-0.7732996261630471|1|1|936|934|4|4|||
sr_1789213251082_000089|588000|M15|legacy_single|100000|-7851.616464055041|92148.38353594496|0.19685812469317632|0.19685812469317632|-0.7024705500459553|0|0|-0.2968887773188579|1|1|936|695|4|4|||
sr_1789213266118_000090|588000|M15|legacy_single|100000|-12667.80582077794|87332.19417922206|0.1439037153322868|0.1439037153322868|-1.525793179868662|0|0|-0.4420474154965962|1|1|936|614|4|4|||
sr_1789213281139_000091|588000|M15|legacy_single|100000|-29144.618522970835|70855.38147702916|0.3108677337826453|0.3108677337826453|-2.7102459007259583|0|0|-0.7732996261630471|1|1|936|934|4|4|||
sr_1789213897103_000092|518880|D1|legacy_single|100000|139441.39781975557|239441.39781975557|0.30519153225806445|0.30519153225806445|1.2724868371934361|1||0.24638973083555693|1|1|999|997|2|2|||
sr_1789213912106_000093|518880|D1|legacy_single|100000|140554.70363268149|240554.70363268149|0.30519153225806434|0.30519153225806434|1.2813912111643146|1||0.2478490509749698|1|1|999|997|4|4|||
sr_1789213927132_000094|518880|D1|legacy_single|100000|-5605.802578751682|94394.19742124832|0.1820669415204616|0.1820669415204616|-0.15860499245275872|0|0|-0.014447202429518247|1|1|999|118|5|5|||
sr_1789213942160_000095|518880|D1|legacy_single|100000|17847.07332104337|117847.07332104337|0.3051915322580645|0.3051915322580645|0.3565613269878298|1||0.0422942173410672|1|1|999|324|4|4|||
sr_1789213957191_000096|518880|D1|legacy_single|100000|140554.70363268149|240554.70363268149|0.30519153225806434|0.30519153225806434|1.2813912111643146|1||0.2478490509749698|1|1|999|997|4|4|||
sr_1789213972218_000097|588000|D1|legacy_single|100000|46099.05501222104|146099.05501222104|0.45068002847458016|0.45068002847458016|0.4450681875204747|1||0.1003546401952351|1|1|999|997|3|3|||
sr_1789213987249_000098|588000|D1|legacy_single|100000|53151.13219906535|153151.13219906535|0.44343517753922385|0.44343517753922385|0.48039503821082813|1||0.11351735532549889|1|1|999|997|5|5|||
sr_1789214002271_000099|588000|D1|legacy_single|100000|66742.87946301061|166742.8794630106|0.4434351775392238|0.4434351775392238|0.5460040413279894|1||0.13765853872567568|1|1|999|903|5|5|||
sr_1789214017320_000100|588000|D1|legacy_single|100000|55839.13594656761|155839.1359465676|0.4434351775392238|0.4434351775392238|0.49610862340471457|1||0.11841527277305741|1|1|999|877|4|4|||
sr_1789214032329_000101|588000|D1|legacy_single|100000|52921.08634715516|152921.08634715516|0.44343517753922373|0.44343517753922373|0.4791720609154722|1||0.11309520193825295|1|1|999|997|5|5|||
sr_1789214047354_000102|518880|D1|legacy_single|100000|139441.39781975557|239441.39781975557|0.30519153225806445|0.30519153225806445|1.2724868371934361|1||0.24638973083555693|1|1|999|997|2|2|||
sr_1789214062384_000103|518880|D1|legacy_single|100000|139546.6989054175|239546.6989054175|0.30519153225806445|0.30519153225806445|1.2737223594688225|1||0.24652797637560186|1|1|999|997|4|4|||
sr_1789214077432_000104|518880|D1|legacy_single|100000|65642.95323890049|165642.9532389005|0.3051915322580644|0.3051915322580644|0.8594958571803457|1||0.13576079686128883|1|1|999|710|4|4|||
sr_1789214092437_000105|518880|D1|legacy_single|100000|6784.6993896785425|106784.69938967854|0.28216342287670904|0.28216342287670904|0.1931501729685059|1||0.016696823967348617|1|1|999|324|4|4|||
sr_1789214107464_000106|518880|D1|legacy_single|100000|139546.6989054175|239546.6989054175|0.30519153225806445|0.30519153225806445|1.2737223594688225|1||0.24652797637560186|1|1|999|997|4|4|||
sr_1789214122491_000107|588000|D1|legacy_single|100000|45890.019906593836|145890.01990659384|0.45158665581773805|0.45158665581773805|0.4440160715511005|1||0.09995729130731812|1|1|999|997|3|3|||
sr_1789214137518_000108|588000|D1|legacy_single|100000|40715.9679314236|140715.9679314236|0.44635853817474597|0.44635853817474597|0.4179426418195836|1||0.08998357178558503|1|1|999|997|4|4|||
sr_1789214152546_000109|588000|D1|legacy_single|100000|53101.36398122128|153101.36398122128|0.4434351775392238|0.4434351775392238|0.4800080487421632|1||0.11342606669504196|1|1|999|978|5|5|||
sr_1789214167585_000110|588000|D1|legacy_single|100000|53621.3148201936|153621.3148201936|0.4434351775392238|0.4434351775392238|0.48425311879853256|1||0.11437870703311548|1|1|999|937|5|5|||
sr_1789214182604_000111|588000|D1|legacy_single|100000|40715.9679314236|140715.9679314236|0.44635853817474597|0.44635853817474597|0.4179426418195836|1||0.08998357178558503|1|1|999|997|4|4|||
sr_1789214197635_000112|518880|M15|legacy_single|100000|9625.863461811256|109625.86346181126|0.08063677036728756|0.08063677036728756|2.107691699634579|1||0.4857065558783744|1|1|936|934|2|2|||
sr_1789214212665_000113|518880|M15|legacy_single|100000|8790.870763170999|108790.870763171|0.08063677036728747|0.08063677036728747|1.9610149792541762|1||0.4375700881580926|1|1|936|934|4|4|||
sr_1789214227700_000114|518880|M15|legacy_single|100000|1539.2345696558186|101539.23456965582|0.02540165002171093|0.02540165002171093|1.091880105657763|1||0.06801348556697495|1|1|936|156|5|5|||
sr_1789214242726_000115|518880|M15|legacy_single|100000|0|100000|0|0|0|0|0|0|0|0|936|0|0|0|||
sr_1789214257751_000116|518880|M15|legacy_single|100000|8790.870763170999|108790.870763171|0.08063677036728747|0.08063677036728747|1.9610149792541762|1||0.4375700881580926|1|1|936|934|4|4|||
sr_1789214272775_000117|588000|M15|legacy_single|100000|-29915.113248736947|70084.88675126305|0.3108677337826453|0.3108677337826453|-2.7916899710187186|0|0|-0.7837294863981825|1|1|936|934|2|2|||
sr_1789214287802_000118|588000|M15|legacy_single|100000|-26563.36089597737|73436.63910402263|0.31086773378264543|0.31086773378264543|-2.4500771766274787|0|0|-0.7355195538702607|1|1|936|934|5|5|||
sr_1789214302829_000119|588000|M15|legacy_single|100000|-19756.81155618385|80243.18844381615|0.2301176470588235|0.2301176470588235|-1.902283879671569|0|0|-0.6125462762875555|1|1|936|775|4|4|||
sr_1789214317863_000120|588000|M15|legacy_single|100000|-12667.80582077794|87332.19417922206|0.1439037153322868|0.1439037153322868|-1.525793179868662|0|0|-0.4420474154965962|1|1|936|614|4|4|||
sr_1789214332888_000121|588000|M15|legacy_single|100000|-27317.505993799612|72682.49400620039|0.3108677337826454|0.3108677337826454|-2.531706948019532|0|0|-0.7470222611442915|1|1|936|934|5|5|||
sr_1789214347917_000122|518880|M15|legacy_single|100000|9625.863461811256|109625.86346181126|0.08063677036728756|0.08063677036728756|2.107691699634579|1||0.4857065558783744|1|1|936|934|2|2|||
sr_1789214362945_000123|518880|M15|legacy_single|100000|9599.385822743003|109599.385822743|0.08063677036728756|0.08063677036728756|2.1030537756149394|1||0.48416140652598894|1|1|936|934|4|4|||
sr_1789214377972_000124|518880|M15|legacy_single|100000|2213.449677120807|102213.4496771208|0.02540165002171085|0.02540165002171085|1.6440777014228654|1||0.0988988933110635|1|1|936|124|4|4|||
sr_1789214393001_000125|518880|M15|legacy_single|100000|0|100000|0|0|0|0|0|0|0|0|936|0|0|0|||
sr_1789214408059_000126|518880|M15|legacy_single|100000|9599.385822743003|109599.385822743|0.08063677036728756|0.08063677036728756|2.1030537756149394|1||0.48416140652598894|1|1|936|934|4|4|||
sr_1789214423058_000127|588000|M15|legacy_single|100000|-29915.113248736947|70084.88675126305|0.3108677337826453|0.3108677337826453|-2.7916899710187186|0|0|-0.7837294863981825|1|1|936|934|2|2|||
sr_1789214438086_000128|588000|M15|legacy_single|100000|-29144.618522970835|70855.38147702916|0.3108677337826453|0.3108677337826453|-2.7102459007259583|0|0|-0.7732996261630471|1|1|936|934|4|4|||
sr_1789214453134_000129|588000|M15|legacy_single|100000|-7851.616464055041|92148.38353594496|0.19685812469317632|0.19685812469317632|-0.7024705500459553|0|0|-0.2968887773188579|1|1|936|695|4|4|||
sr_1789214468142_000130|588000|M15|legacy_single|100000|-12667.80582077794|87332.19417922206|0.1439037153322868|0.1439037153322868|-1.525793179868662|0|0|-0.4420474154965962|1|1|936|614|4|4|||
sr_1789214483172_000131|588000|M15|legacy_single|100000|-29144.618522970835|70855.38147702916|0.3108677337826453|0.3108677337826453|-2.7102459007259583|0|0|-0.7732996261630471|1|1|936|934|4|4|||
sr_1789215100210_000132|518880|D1|legacy_single|100000|139441.39781975557|239441.39781975557|0.30519153225806445|0.30519153225806445|1.2724868371934361|1||0.24638973083555693|1|1|999|997|2|2|||
sr_1789215115238_000133|518880|D1|legacy_single|100000|140554.70363268149|240554.70363268149|0.30519153225806434|0.30519153225806434|1.2813912111643146|1||0.2478490509749698|1|1|999|997|4|4|||
sr_1789215130264_000134|518880|D1|legacy_single|100000|-5605.802578751682|94394.19742124832|0.1820669415204616|0.1820669415204616|-0.15860499245275872|0|0|-0.014447202429518247|1|1|999|118|5|5|||
sr_1789215145295_000135|518880|D1|legacy_single|100000|17847.07332104337|117847.07332104337|0.3051915322580645|0.3051915322580645|0.3565613269878298|1||0.0422942173410672|1|1|999|324|4|4|||
sr_1789215160321_000136|518880|D1|legacy_single|100000|140554.70363268149|240554.70363268149|0.30519153225806434|0.30519153225806434|1.2813912111643146|1||0.2478490509749698|1|1|999|997|4|4|||
sr_1789215175349_000137|588000|D1|legacy_single|100000|46099.05501222104|146099.05501222104|0.45068002847458016|0.45068002847458016|0.4450681875204747|1||0.1003546401952351|1|1|999|997|3|3|||
sr_1789215190377_000138|588000|D1|legacy_single|100000|53151.13219906535|153151.13219906535|0.44343517753922385|0.44343517753922385|0.48039503821082813|1||0.11351735532549889|1|1|999|997|5|5|||
sr_1789215205406_000139|588000|D1|legacy_single|100000|66742.87946301061|166742.8794630106|0.4434351775392238|0.4434351775392238|0.5460040413279894|1||0.13765853872567568|1|1|999|903|5|5|||
sr_1789215220436_000140|588000|D1|legacy_single|100000|55839.13594656761|155839.1359465676|0.4434351775392238|0.4434351775392238|0.49610862340471457|1||0.11841527277305741|1|1|999|877|4|4|||
sr_1789215235461_000141|588000|D1|legacy_single|100000|52921.08634715516|152921.08634715516|0.44343517753922373|0.44343517753922373|0.4791720609154722|1||0.11309520193825295|1|1|999|997|5|5|||
sr_1789215250488_000142|518880|D1|legacy_single|100000|139441.39781975557|239441.39781975557|0.30519153225806445|0.30519153225806445|1.2724868371934361|1||0.24638973083555693|1|1|999|997|2|2|||
sr_1789215265515_000143|518880|D1|legacy_single|100000|139546.6989054175|239546.6989054175|0.30519153225806445|0.30519153225806445|1.2737223594688225|1||0.24652797637560186|1|1|999|997|4|4|||
sr_1789215280543_000144|518880|D1|legacy_single|100000|65642.95323890049|165642.9532389005|0.3051915322580644|0.3051915322580644|0.8594958571803457|1||0.13576079686128883|1|1|999|710|4|4|||
sr_1789215295595_000145|518880|D1|legacy_single|100000|6784.6993896785425|106784.69938967854|0.28216342287670904|0.28216342287670904|0.1931501729685059|1||0.016696823967348617|1|1|999|324|4|4|||
sr_1789215310601_000146|518880|D1|legacy_single|100000|139546.6989054175|239546.6989054175|0.30519153225806445|0.30519153225806445|1.2737223594688225|1||0.24652797637560186|1|1|999|997|4|4|||
sr_1789215345121_000147|518880|D1|legacy_single|100000|140554.70363268149|240554.70363268149|0.30519153225806434|0.30519153225806434|1.2813912111643146|1||0.2478490509749698|1|1|999|997|4|4|||
sr_1789215441016_000148|518880|D1|legacy_single|100000|139441.39781975557|239441.39781975557|0.30519153225806445|0.30519153225806445|1.2724868371934361|1||0.24638973083555693|1|1|999|997|2|2|||
sr_1789215441023_000149|518880|D1|legacy_single|100000|140554.70363268149|240554.70363268149|0.30519153225806434|0.30519153225806434|1.2813912111643146|1||0.2478490509749698|1|1|999|997|4|4|||
sr_1789215441031_000150|518880|D1|legacy_single|100000|-5605.802578751682|94394.19742124832|0.1820669415204616|0.1820669415204616|-0.15860499245275872|0|0|-0.014447202429518247|1|1|999|118|5|5|||
sr_1789215441044_000151|518880|D1|legacy_single|100000|17847.07332104337|117847.07332104337|0.3051915322580645|0.3051915322580645|0.3565613269878298|1||0.0422942173410672|1|1|999|324|4|4|||
sr_1789215441054_000152|518880|D1|legacy_single|100000|140554.70363268149|240554.70363268149|0.30519153225806434|0.30519153225806434|1.2813912111643146|1||0.2478490509749698|1|1|999|997|4|4|||
sr_1789215441062_000153|588000|D1|legacy_single|100000|46099.05501222104|146099.05501222104|0.45068002847458016|0.45068002847458016|0.4450681875204747|1||0.1003546401952351|1|1|999|997|3|3|||
sr_1789215441071_000154|588000|D1|legacy_single|100000|53151.13219906535|153151.13219906535|0.44343517753922385|0.44343517753922385|0.48039503821082813|1||0.11351735532549889|1|1|999|997|5|5|||
sr_1789215441092_000155|588000|D1|legacy_single|100000|66742.87946301061|166742.8794630106|0.4434351775392238|0.4434351775392238|0.5460040413279894|1||0.13765853872567568|1|1|999|903|5|5|||
sr_1789215441116_000156|588000|D1|legacy_single|100000|55839.13594656761|155839.1359465676|0.4434351775392238|0.4434351775392238|0.49610862340471457|1||0.11841527277305741|1|1|999|877|4|4|||
sr_1789215441127_000157|588000|D1|legacy_single|100000|52921.08634715516|152921.08634715516|0.44343517753922373|0.44343517753922373|0.4791720609154722|1||0.11309520193825295|1|1|999|997|5|5|||
sr_1789215441136_000158|518880|D1|legacy_single|100000|139441.39781975557|239441.39781975557|0.30519153225806445|0.30519153225806445|1.2724868371934361|1||0.24638973083555693|1|1|999|997|2|2|||
sr_1789215441157_000159|518880|D1|legacy_single|100000|139546.6989054175|239546.6989054175|0.30519153225806445|0.30519153225806445|1.2737223594688225|1||0.24652797637560186|1|1|999|997|4|4|||
sr_1789215441167_000160|518880|D1|legacy_single|100000|65642.95323890049|165642.9532389005|0.3051915322580644|0.3051915322580644|0.8594958571803457|1||0.13576079686128883|1|1|999|710|4|4|||
sr_1789215441175_000161|518880|D1|legacy_single|100000|6784.6993896785425|106784.69938967854|0.28216342287670904|0.28216342287670904|0.1931501729685059|1||0.016696823967348617|1|1|999|324|4|4|||
sr_1789215441186_000162|518880|D1|legacy_single|100000|139546.6989054175|239546.6989054175|0.30519153225806445|0.30519153225806445|1.2737223594688225|1||0.24652797637560186|1|1|999|997|4|4|||
sr_1789215441194_000163|588000|D1|legacy_single|100000|45890.019906593836|145890.01990659384|0.45158665581773805|0.45158665581773805|0.4440160715511005|1||0.09995729130731812|1|1|999|997|3|3|||
sr_1789215441202_000164|588000|D1|legacy_single|100000|40715.9679314236|140715.9679314236|0.44635853817474597|0.44635853817474597|0.4179426418195836|1||0.08998357178558503|1|1|999|997|4|4|||
sr_1789215441209_000165|588000|D1|legacy_single|100000|53101.36398122128|153101.36398122128|0.4434351775392238|0.4434351775392238|0.4800080487421632|1||0.11342606669504196|1|1|999|978|5|5|||
sr_1789215441228_000166|588000|D1|legacy_single|100000|53621.3148201936|153621.3148201936|0.4434351775392238|0.4434351775392238|0.48425311879853256|1||0.11437870703311548|1|1|999|937|5|5|||
sr_1789215441247_000167|588000|D1|legacy_single|100000|40715.9679314236|140715.9679314236|0.44635853817474597|0.44635853817474597|0.4179426418195836|1||0.08998357178558503|1|1|999|997|4|4|||
sr_1789215441261_000168|518880|M15|legacy_single|100000|9625.863461811256|109625.86346181126|0.08063677036728756|0.08063677036728756|2.107691699634579|1||0.4857065558783744|1|1|936|934|2|2|||
sr_1789215441277_000169|518880|M15|legacy_single|100000|8790.870763170999|108790.870763171|0.08063677036728747|0.08063677036728747|1.9610149792541762|1||0.4375700881580926|1|1|936|934|4|4|||
sr_1789215441300_000170|518880|M15|legacy_single|100000|1539.2345696558186|101539.23456965582|0.02540165002171093|0.02540165002171093|1.091880105657763|1||0.06801348556697495|1|1|936|156|5|5|||
sr_1789215441318_000171|518880|M15|legacy_single|100000|0|100000|0|0|0|0|0|0|0|0|936|0|0|0|||
sr_1789215441331_000172|518880|M15|legacy_single|100000|8790.870763170999|108790.870763171|0.08063677036728747|0.08063677036728747|1.9610149792541762|1||0.4375700881580926|1|1|936|934|4|4|||
sr_1789215441347_000173|588000|M15|legacy_single|100000|-29915.113248736947|70084.88675126305|0.3108677337826453|0.3108677337826453|-2.7916899710187186|0|0|-0.7837294863981825|1|1|936|934|2|2|||
sr_1789215441365_000174|588000|M15|legacy_single|100000|-26563.36089597737|73436.63910402263|0.31086773378264543|0.31086773378264543|-2.4500771766274787|0|0|-0.7355195538702607|1|1|936|934|5|5|||
sr_1789215441381_000175|588000|M15|legacy_single|100000|-19756.81155618385|80243.18844381615|0.2301176470588235|0.2301176470588235|-1.902283879671569|0|0|-0.6125462762875555|1|1|936|775|4|4|||
sr_1789215441396_000176|588000|M15|legacy_single|100000|-12667.80582077794|87332.19417922206|0.1439037153322868|0.1439037153322868|-1.525793179868662|0|0|-0.4420474154965962|1|1|936|614|4|4|||
sr_1789215441413_000177|588000|M15|legacy_single|100000|-27317.505993799612|72682.49400620039|0.3108677337826454|0.3108677337826454|-2.531706948019532|0|0|-0.7470222611442915|1|1|936|934|5|5|||
sr_1789215441425_000178|518880|M15|legacy_single|100000|9625.863461811256|109625.86346181126|0.08063677036728756|0.08063677036728756|2.107691699634579|1||0.4857065558783744|1|1|936|934|2|2|||
sr_1789215441438_000179|518880|M15|legacy_single|100000|9599.385822743003|109599.385822743|0.08063677036728756|0.08063677036728756|2.1030537756149394|1||0.48416140652598894|1|1|936|934|4|4|||
sr_1789215441460_000180|518880|M15|legacy_single|100000|2213.449677120807|102213.4496771208|0.02540165002171085|0.02540165002171085|1.6440777014228654|1||0.0988988933110635|1|1|936|124|4|4|||
sr_1789215441474_000181|518880|M15|legacy_single|100000|0|100000|0|0|0|0|0|0|0|0|936|0|0|0|||
sr_1789215441488_000182|518880|M15|legacy_single|100000|9599.385822743003|109599.385822743|0.08063677036728756|0.08063677036728756|2.1030537756149394|1||0.48416140652598894|1|1|936|934|4|4|||
sr_1789215441500_000183|588000|M15|legacy_single|100000|-29915.113248736947|70084.88675126305|0.3108677337826453|0.3108677337826453|-2.7916899710187186|0|0|-0.7837294863981825|1|1|936|934|2|2|||
sr_1789215441511_000184|588000|M15|legacy_single|100000|-29144.618522970835|70855.38147702916|0.3108677337826453|0.3108677337826453|-2.7102459007259583|0|0|-0.7732996261630471|1|1|936|934|4|4|||
sr_1789215441523_000185|588000|M15|legacy_single|100000|-7851.616464055041|92148.38353594496|0.19685812469317632|0.19685812469317632|-0.7024705500459553|0|0|-0.2968887773188579|1|1|936|695|4|4|||
sr_1789215441536_000186|588000|M15|legacy_single|100000|-12667.80582077794|87332.19417922206|0.1439037153322868|0.1439037153322868|-1.525793179868662|0|0|-0.4420474154965962|1|1|936|614|4|4|||
sr_1789215441547_000187|588000|M15|legacy_single|100000|-29144.618522970835|70855.38147702916|0.3108677337826453|0.3108677337826453|-2.7102459007259583|0|0|-0.7732996261630471|1|1|936|934|4|4|||
sr_1789219356314_000000|518880|H1|legacy_single|100000|6733.031900235714|106733.03190023571|0.021193263691958418|0.021193263691958418|2.9199593578867002|0.35714285714285715|5.737051683919076|0.2077278249302721|14|14|348|14.428571428571429|28|28|||
sr_1789219357879_000001|518880|H1|legacy_single|100000|2245.0116533417313|102245.01165334173|0.007104418850881047|0.007104418850881047|2.934011521074989|0.35714285714285715|5.729007033342409|0.06642157966495099|14|14|348|14.428571428571429|28|28|||
sr_1789219394836_000000|518880|H1|legacy_single|100000|6733.031900235714|106733.03190023571|0.021193263691958418|0.021193263691958418|2.9199593578867002|0.35714285714285715|5.737051683919076|0.2077278249302721|14|14|348|14.428571428571429|28|28|||
sr_1789219395945_000001|518880|H1|legacy_single|100000|2245.0116533417313|102245.01165334173|0.007104418850881047|0.007104418850881047|2.934011521074989|0.35714285714285715|5.729007033342409|0.06642157966495099|14|14|348|14.428571428571429|28|28|||
sr_1789219451954_000000|518880|H1|legacy_single|100000|6733.031900235714|106733.03190023571|0.021193263691958418|0.021193263691958418|2.9199593578867002|0.35714285714285715|5.737051683919076|0.2077278249302721|14|14|348|14.428571428571429|28|28|||
sr_1789219453500_000001|518880|H1|legacy_single|100000|2245.0116533417313|102245.01165334173|0.007104418850881047|0.007104418850881047|2.934011521074989|0.35714285714285715|5.729007033342409|0.06642157966495099|14|14|348|14.428571428571429|28|28|||
sr_1789219610370_000000|518880|H1|legacy_single|100000|6733.031900235714|106733.03190023571|0.021193263691958418|0.021193263691958418|2.9199593578867002|0.35714285714285715|5.737051683919076|0.2077278249302721|14|14|348|14.428571428571429|28|28|||
sr_1789219611465_000001|518880|H1|legacy_single|100000|2245.0116533417313|102245.01165334173|0.007104418850881047|0.007104418850881047|2.934011521074989|0.35714285714285715|5.729007033342409|0.06642157966495099|14|14|348|14.428571428571429|28|28|||
sr_1789219701031_000000|518880|H1|legacy_single|100000|6733.031900235714|106733.03190023571|0.021193263691958418|0.021193263691958418|2.9199593578867002|0.35714285714285715|5.737051683919076|0.2077278249302721|14|14|348|14.428571428571429|28|28|||
sr_1789219702147_000001|518880|H1|legacy_single|100000|2245.0116533417313|102245.01165334173|0.007104418850881047|0.007104418850881047|2.934011521074989|0.35714285714285715|5.729007033342409|0.06642157966495099|14|14|348|14.428571428571429|28|28|||
sr_1789219769471_000000|518880|H1|legacy_single|100000|6733.031900235714|106733.03190023571|0.021193263691958418|0.021193263691958418|2.9199593578867002|0.35714285714285715|5.737051683919076|0.2077278249302721|14|14|348|14.428571428571429|28|28|||
sr_1789219770586_000001|518880|H1|legacy_single|100000|2245.0116533417313|102245.01165334173|0.007104418850881047|0.007104418850881047|2.934011521074989|0.35714285714285715|5.729007033342409|0.06642157966495099|14|14|348|14.428571428571429|28|28|||
sr_1789219881376_000000|518880|H1|legacy_single|100000|6733.031900235714|106733.03190023571|0.021193263691958418|0.021193263691958418|2.9199593578867002|0.35714285714285715|5.737051683919076|0.2077278249302721|14|14|348|14.428571428571429|28|28|||
sr_1789219883396_000001|518880|H1|legacy_single|100000|2245.0116533417313|102245.01165334173|0.007104418850881047|0.007104418850881047|2.934011521074989|0.35714285714285715|5.729007033342409|0.06642157966495099|14|14|348|14.428571428571429|28|28|||
sr_1789220520005_000000|518880|H1|legacy_single|100000|6733.031900235714|106733.03190023571|0.021193263691958418|0.021193263691958418|2.9199593578867002|0.35714285714285715|5.737051683919076|0.2077278249302721|14|14|348|14.428571428571429|28|28|||
sr_1789220521987_000001|518880|H1|legacy_single|100000|2245.0116533417313|102245.01165334173|0.007104418850881047|0.007104418850881047|2.934011521074989|0.35714285714285715|5.729007033342409|0.06642157966495099|14|14|348|14.428571428571429|28|28|||
sr_1789223648181_000000|510050|H1|legacy_single|100000|-385.9405421528645|99614.05945784714|0.006372132847023604|0.006372132847023604|-4.579271501138845|0|0|-0.1499062403052006|1|1|24|7|2|2|||
sr_1789225123584_000000|510050|D1|legacy_single|100000|-5089.443300674495|94910.5566993255|0.0866447315729056|0.0866447315729056|-1.7818413560717892|0.25|0.11815805719276412|-0.26370383188006263|4|4|43|5.5|8|8|||
sr_1789225123616_000001|510050|D1|legacy_single|100000|-5089.443300674495|94910.5566993255|0.0866447315729056|0.0866447315729056|-1.7818413560717892|0.25|0.11815805719276412|-0.26370383188006263|4|4|43|5.5|8|8|||
sr_1789225152377_000004|518880|D1|legacy_single|100000|-286.5635164451087|99713.43648355489|0.010686820535393635|0.010686820535393635|-0.5664613507607573|0.5|0.7234917065536054|-0.01667742952904072|2|2|43|1.5|4|4|||
sr_1789225167373_000005|518880|D1|legacy_single|100000|-425.27508405306435|99574.72491594694|0.011379512934118393|0.011379512934118393|-0.8425317937579092|0.5|0.6153643159237967|-0.02466691876578464|2|2|43|1.5|4|4|||
sr_1789225397240_000006|510050|D1|legacy_single|100000|-5089.443300674495|94910.5566993255|0.0866447315729056|0.0866447315729056|-1.7818413560717892|0.25|0.11815805719276412|-0.26370383188006263|4|4|43|5.5|8|8|||
sr_1789225411103_000009|510050|D1|legacy_single|100000|-5089.443300674495|94910.5566993255|0.0866447315729056|0.0866447315729056|-1.7818413560717892|0.25|0.11815805719276412|-0.26370383188006263|4|4|43|5.5|8|8|||
sr_1789226254329_000000|510050|D1|legacy_single|100000|-5287.082315131949|94712.91768486805|0.06114334097521845|0.06114334097521845|-4.2842151658325776|0|0|-0.2726439921397741|3|3|43|2.6666666666666665|6|6|||
sr_1789226552437_000003|510050|D1|legacy_single|100000|-5089.443300674495|94910.5566993255|0.0866447315729056|0.0866447315729056|-1.7818413560717892|0.25|0.11815805719276412|-0.26370383188006263|4|4|43|5.5|8|8|||
sr_1789230616980_000004|518880|D1|legacy_single|100000|0|100000|0|0|0|0|0|0|0|0|4|0|0|0|||
sr_1789230620409_000005|518880|D1|legacy_single|100000|0|100000|0|0|0|0|0|0|0|0|4|0|0|0|||
sr_1789230624957_000006|518880|D1|legacy_single|100000|0|100000|0|0|0|0|0|0|0|0|4|0|0|0|||
sr_1789230633916_000007|518880|D1|legacy_single|100000|101000.46017678431|201000.4601767843|0.16666798883466485|0.16666798883466485|1.2304494899980147|0.53125|5.320326863095865|0.19256521931320525|32|32|999|20.40625|64|64|||
sr_1789231926335_000008|518880|D1|legacy_single|100000|4672.270049304978|104672.27004930498|0|0|18.40836132054629|1||16.757977565895406|1|1|4|2|2|2|||
sr_1789282749334_000006|518880|M15|legacy_single|100000|-1583.956625752151|98416.04337424785|0.023831228023611473|0.023831228023611473|-1.4855039118649493|0.3333333333333333|1.274038145348195|-0.054349505942715925|27|27|1152|4|54|54|||
sr_1789282751037_000007|518880|M15|legacy_single|100000|0|100000|0|0|0|0|0|0|0|0|1152|0|0|0|||
sr_1789282752742_000008|161226|M15|legacy_single|100000|-1310.2315442725521|98689.76845572745|0.030418536210396977|0.030418536210396977|-0.4476365728901622|0.47368421052631576|0.7983437628031856|-0.04511195710659455|19|19|1152|4|38|38|||
sr_1789282754408_000009|161226|M15|legacy_single|100000|0|100000|0|0|0|0|0|0|0|0|1152|0|0|0|||
sr_1789282756104_000010|512480|M15|legacy_single|100000|-58298.17171539307|41701.82828460693|0.602633154644208|0.602633154644208|-2.3195968475375013|0.35294117647058826|0.21284206166353686|-0.9531679860126134|17|17|1152|17.058823529411764|34|34|||
sr_1789282757845_000011|512480|M15|legacy_single|100000|0|100000|0|0|0|0|0|0|0|0|1152|0|0|0|||
sr_1789282759565_000012|159776|M15|legacy_single|100000|13194.424215455801|113194.4242154558|0.06071756860790864|0.06071756860790864|2.4643755499777042|0.6428571428571429|1.5319762924870226|0.5430770831712615|14|14|1152|18|28|28|||
sr_1789282761252_000013|159776|M15|legacy_single|100000|0|100000|0|0|0|0|0|0|0|0|1152|0|0|0|||
sr_1789282762943_000014|513050|M15|legacy_single|100000|-10087.445183391828|89912.55481660817|0.11305380215585896|0.11305380215585896|-5.46615262627225|0.24242424242424243|0.6174108648697907|-0.31075887394842483|33|33|1152|4|66|66|||
sr_1789282764608_000015|513050|M15|legacy_single|100000|0|100000|0|0|0|0|0|0|0|0|1152|0|0|0|||
sr_1789282766292_000016|588000|M15|legacy_single|100000|-16096.840403152877|83903.15959684712|0.20882911493005293|0.20882911493005293|-1.8346665845003929|0.35294117647058826|0.8116145191509887|-0.4589665648243656|17|17|1152|16.41176470588235|34|34|||
sr_1789282767959_000017|588000|M15|legacy_single|100000|0|100000|0|0|0|0|0|0|0|0|1152|0|0|0|||
sr_1789282791446_000018|512480|M15|legacy_single|100000|8767.592486055684|108767.59248605568|0.07086023801805381|0.07086023801805381|1.8343155631237467|0.6923076923076923|0.8524573949470837|0.36856320308004453|13|13|1080|18|26|26|||
sr_1789282793153_000019|512480|M15|legacy_single|100000|0|100000|0|0|0|0|0|0|0|0|1080|0|0|0|||
sr_1789282794859_000020|512480|M15|legacy_single|100000|-16664.02577873411|83335.97422126589|0.1805239483541459|0.1805239483541459|-2.188347359512826|0.3076923076923077|0.913812665768035|-0.6397017985990456|13|13|720|16.692307692307693|26|26|||
sr_1789282796575_000021|512480|M15|legacy_single|100000|0|100000|0|0|0|0|0|0|0|0|720|0|0|0|||
sr_1789731376244_000003|518880|D1|chunked_v1|100000|3009.014861155796||0.07685001161188901||0.7404583523028735|1||0.12381864462878744|1|1|0|52|0|0|||
sr_1789738272901_000004|518880|D1|chunked_v1|100000|-11563.886202250083||0.30519153225806445||-0.3867722657702261|0|0|-0.16390000990101128|1|1|0|161|0|0|||
sr_1789738328788_000005|518880|D1|chunked_v1|100000|-2933.64791397129||0.052608136537377476||-0.8029160823939638|0|0|-0.042445133565802595|1|1|0|161|0|0|||
