374|40|40|48349|9030|214
sr_1789731376244_000003|0|
sr_1789738272901_000004|0|
sr_1789738328788_000005|0|
374|48349|8816|215|40|126
--- 不一致样本
sr_1789211239591_000017|518880|D1|242|3|0|1
sr_1789211374823_000020|518880|D1|991|3|1|1
sr_1789211510077_000023|518880|D1|999|1|1|1
sr_1789211555164_000024|518880|D1|250|5|0|1
sr_1789211605009_000025|518880|D1|242|3|0|1
sr_1789211695181_000027|518880|D1|999|3|1|1
sr_1789211284656_000018|518880|D1|250|3|0|1
sr_1789211329739_000019|518880|D1|250|1|0|1
sr_1789211419907_000021|518880|D1|999|3|1|1
sr_1789211465014_000022|518880|D1|742|3|0|1
sr_1789212965541_000070|588000|D1|470|4|1|1
sr_1789211650095_000026|518880|D1|991|3|1|1
sr_1789211783919_000030|518880|D1|96|3|1|1
sr_1789213055736_000076|518880|M15|294|3|0|1
sr_1789211874087_000033|518880|D1|104|3|1|1
sr_1789213085772_000078|588000|M15|227|4|0|1
sr_1789213130883_000081|588000|M15|302|4|0|1
sr_1789185280539_000002|518880|M15|7|3|0|1
sr_1789185300115_000003|518880|M15|23|3|0|1
sr_1789185320440_000006|518880|M15|7|3|0|1
