126
sr_1789212319758_000045|518880|D1|999|1|1|997
sr_1789211510077_000023|518880|D1|999|1|1|997
sr_1789211695181_000027|518880|D1|999|3|1|995
sr_1789212409923_000047|518880|D1|999|3|1|995
sr_1789211419907_000021|518880|D1|999|3|1|995
sr_1789212455007_000048|518880|D1|999|10|1|988
sr_1789211650095_000026|518880|D1|991|3|1|987
sr_1789211374823_000020|518880|D1|991|3|1|987
sr_1789212364841_000046|518880|D1|991|3|1|987
sr_1789212500090_000049|518880|D1|961|3|1|957
sr_1789211465014_000022|518880|D1|742|3|0|739
sr_1789212815270_000060|588000|D1|641|3|1|637
43|42|1|1
